350 250 5
350 250 10
350 250 15
350 250 20
350 250 25
350 250 30
350 250 35
350 250 40
350 250 45
350 250 50
350 250 55
350 250 60
350 250 65
350 250 70
350 250 75
350 250 80
350 250 85
350 250 90
350 250 95
350 255 5
350 255 10
350 255 15
350 255 20
350 255 25
350 255 30
350 255 35
350 255 40
350 255 45
350 255 50
350 255 55
350 255 60
350 255 65
350 255 70
350 255 75
350 255 80
350 255 85
350 255 90
350 255 95
350 260 5
350 260 10
350 260 15
350 260 20
350 260 25
350 260 30
350 260 35
350 260 40
350 260 45
350 260 50
350 260 55
350 260 60
350 260 65
350 260 70
350 260 75
350 260 80
350 260 85
350 260 90
350 260 95
350 265 5
350 265 10
350 265 15
350 265 20
350 265 25
350 265 30
350 265 35
350 265 40
350 265 45
350 265 50
350 265 55
350 265 60
350 265 65
350 265 70
350 265 75
350 265 80
350 265 85
350 265 90
350 265 95
350 270 5
350 270 10
350 270 15
350 270 20
350 270 25
350 270 30
350 270 35
350 270 40
350 270 45
350 270 50
350 270 55
350 270 60
350 270 65
350 270 70
350 270 75
350 270 80
350 270 85
350 270 90
350 270 95
350 275 5
350 275 10
350 275 15
350 275 20
350 275 25
350 275 30
350 275 35
350 275 40
350 275 45
350 275 50
350 275 55
350 275 60
350 275 65
350 275 70
350 275 75
350 275 80
350 275 85
350 275 90
350 275 95
350 280 5
350 280 10
350 280 15
350 280 20
350 280 25
350 280 30
350 280 35
350 280 40
350 280 45
350 280 50
350 280 55
350 280 60
350 280 65
350 280 70
350 280 75
350 280 80
350 280 85
350 280 90
350 280 95
350 285 5
350 285 10
350 285 15
350 285 20
350 285 25
350 285 30
350 285 35
350 285 40
350 285 45
350 285 50
350 285 55
350 285 60
350 285 65
350 285 70
350 285 75
350 285 80
350 285 85
350 285 90
350 285 95
350 290 5
350 290 10
350 290 15
350 290 20
350 290 25
350 290 30
350 290 35
350 290 40
350 290 45
350 290 50
350 290 55
350 290 60
350 290 65
350 290 70
350 290 75
350 290 80
350 290 85
350 290 90
350 290 95
350 295 5
350 295 10
350 295 15
350 295 20
350 295 25
350 295 30
350 295 35
350 295 40
350 295 45
350 295 50
350 295 55
350 295 60
350 295 65
350 295 70
350 295 75
350 295 80
350 295 85
350 295 90
350 295 95
350 300 5
350 300 10
350 300 15
350 300 20
350 300 25
350 300 30
350 300 35
350 300 40
350 300 45
350 300 50
350 300 55
350 300 60
350 300 65
350 300 70
350 300 75
350 300 80
350 300 85
350 300 90
350 300 95
350 305 5
350 305 10
350 305 15
350 305 20
350 305 25
350 305 30
350 305 35
350 305 40
350 305 45
350 305 50
350 305 55
350 305 60
350 305 65
350 305 70
350 305 75
350 305 80
350 305 85
350 305 90
350 305 95
350 310 5
350 310 10
350 310 15
350 310 20
350 310 25
350 310 30
350 310 35
350 310 40
350 310 45
350 310 50
350 310 55
350 310 60
350 310 65
350 310 70
350 310 75
350 310 80
350 310 85
350 310 90
350 310 95
350 315 5
350 315 10
350 315 15
350 315 20
350 315 25
350 315 30
350 315 35
350 315 40
350 315 45
350 315 50
350 315 55
350 315 60
350 315 65
350 315 70
350 315 75
350 315 80
350 315 85
350 315 90
350 315 95
350 320 5
350 320 10
350 320 15
350 320 20
350 320 25
350 320 30
350 320 35
350 320 40
350 320 45
350 320 50
350 320 55
350 320 60
350 320 65
350 320 70
350 320 75
350 320 80
350 320 85
350 320 90
350 320 95
350 325 5
350 325 10
350 325 15
350 325 20
350 325 25
350 325 30
350 325 35
350 325 40
350 325 45
350 325 50
350 325 55
350 325 60
350 325 65
350 325 70
350 325 75
350 325 80
350 325 85
350 325 90
350 325 95
350 330 5
350 330 10
350 330 15
350 330 20
350 330 25
350 330 30
350 330 35
350 330 40
350 330 45
350 330 50
350 330 55
350 330 60
350 330 65
350 330 70
350 330 75
350 330 80
350 330 85
350 330 90
350 330 95
350 335 5
350 335 10
350 335 15
350 335 20
350 335 25
350 335 30
350 335 35
350 335 40
350 335 45
350 335 50
350 335 55
350 335 60
350 335 65
350 335 70
350 335 75
350 335 80
350 335 85
350 335 90
350 335 95
350 340 5
350 340 10
350 340 15
350 340 20
350 340 25
350 340 30
350 340 35
350 340 40
350 340 45
350 340 50
350 340 55
350 340 60
350 340 65
350 340 70
350 340 75
350 340 80
350 340 85
350 340 90
350 340 95
350 345 5
350 345 10
350 345 15
350 345 20
350 345 25
350 345 30
350 345 35
350 345 40
350 345 45
350 345 50
350 345 55
350 345 60
350 345 65
350 345 70
350 345 75
350 345 80
350 345 85
350 345 90
350 345 95
350 350 5
350 350 10
350 350 15
350 350 20
350 350 25
350 350 30
350 350 35
350 350 40
350 350 45
350 350 50
350 350 55
350 350 60
350 350 65
350 350 70
350 350 75
350 350 80
350 350 85
350 350 90
350 350 95
350 250 5
350 250 10
350 250 15
350 250 20
350 250 25
350 250 30
350 250 35
350 250 40
350 250 45
350 250 50
350 250 55
350 250 60
350 250 65
350 250 70
350 250 75
350 250 80
350 250 85
350 250 90
350 250 95
345 250 5
345 250 10
345 250 15
345 250 20
345 250 25
345 250 30
345 250 35
345 250 40
345 250 45
345 250 50
345 250 55
345 250 60
345 250 65
345 250 70
345 250 75
345 250 80
345 250 85
345 250 90
345 250 95
340 250 5
340 250 10
340 250 15
340 250 20
340 250 25
340 250 30
340 250 35
340 250 40
340 250 45
340 250 50
340 250 55
340 250 60
340 250 65
340 250 70
340 250 75
340 250 80
340 250 85
340 250 90
340 250 95
335 250 5
335 250 10
335 250 15
335 250 20
335 250 25
335 250 30
335 250 35
335 250 40
335 250 45
335 250 50
335 250 55
335 250 60
335 250 65
335 250 70
335 250 75
335 250 80
335 250 85
335 250 90
335 250 95
330 250 5
330 250 10
330 250 15
330 250 20
330 250 25
330 250 30
330 250 35
330 250 40
330 250 45
330 250 50
330 250 55
330 250 60
330 250 65
330 250 70
330 250 75
330 250 80
330 250 85
330 250 90
330 250 95
325 250 5
325 250 10
325 250 15
325 250 20
325 250 25
325 250 30
325 250 35
325 250 40
325 250 45
325 250 50
325 250 55
325 250 60
325 250 65
325 250 70
325 250 75
325 250 80
325 250 85
325 250 90
325 250 95
320 250 5
320 250 10
320 250 15
320 250 20
320 250 25
320 250 30
320 250 35
320 250 40
320 250 45
320 250 50
320 250 55
320 250 60
320 250 65
320 250 70
320 250 75
320 250 80
320 250 85
320 250 90
320 250 95
315 250 5
315 250 10
315 250 15
315 250 20
315 250 25
315 250 30
315 250 35
315 250 40
315 250 45
315 250 50
315 250 55
315 250 60
315 250 65
315 250 70
315 250 75
315 250 80
315 250 85
315 250 90
315 250 95
310 250 5
310 250 10
310 250 15
310 250 20
310 250 25
310 250 30
310 250 35
310 250 40
310 250 45
310 250 50
310 250 55
310 250 60
310 250 65
310 250 70
310 250 75
310 250 80
310 250 85
310 250 90
310 250 95
305 250 5
305 250 10
305 250 15
305 250 20
305 250 25
305 250 30
305 250 35
305 250 40
305 250 45
305 250 50
305 250 55
305 250 60
305 250 65
305 250 70
305 250 75
305 250 80
305 250 85
305 250 90
305 250 95
300 250 5
300 250 10
300 250 15
300 250 20
300 250 25
300 250 30
300 250 35
300 250 40
300 250 45
300 250 50
300 250 55
300 250 60
300 250 65
300 250 70
300 250 75
300 250 80
300 250 85
300 250 90
300 250 95
295 250 5
295 250 10
295 250 15
295 250 20
295 250 25
295 250 30
295 250 35
295 250 40
295 250 45
295 250 50
295 250 55
295 250 60
295 250 65
295 250 70
295 250 75
295 250 80
295 250 85
295 250 90
295 250 95
290 250 5
290 250 10
290 250 15
290 250 20
290 250 25
290 250 30
290 250 35
290 250 40
290 250 45
290 250 50
290 250 55
290 250 60
290 250 65
290 250 70
290 250 75
290 250 80
290 250 85
290 250 90
290 250 95
285 250 5
285 250 10
285 250 15
285 250 20
285 250 25
285 250 30
285 250 35
285 250 40
285 250 45
285 250 50
285 250 55
285 250 60
285 250 65
285 250 70
285 250 75
285 250 80
285 250 85
285 250 90
285 250 95
280 250 5
280 250 10
280 250 15
280 250 20
280 250 25
280 250 30
280 250 35
280 250 40
280 250 45
280 250 50
280 250 55
280 250 60
280 250 65
280 250 70
280 250 75
280 250 80
280 250 85
280 250 90
280 250 95
275 250 5
275 250 10
275 250 15
275 250 20
275 250 25
275 250 30
275 250 35
275 250 40
275 250 45
275 250 50
275 250 55
275 250 60
275 250 65
275 250 70
275 250 75
275 250 80
275 250 85
275 250 90
275 250 95
270 250 5
270 250 10
270 250 15
270 250 20
270 250 25
270 250 30
270 250 35
270 250 40
270 250 45
270 250 50
270 250 55
270 250 60
270 250 65
270 250 70
270 250 75
270 250 80
270 250 85
270 250 90
270 250 95
265 250 5
265 250 10
265 250 15
265 250 20
265 250 25
265 250 30
265 250 35
265 250 40
265 250 45
265 250 50
265 250 55
265 250 60
265 250 65
265 250 70
265 250 75
265 250 80
265 250 85
265 250 90
265 250 95
260 250 5
260 250 10
260 250 15
260 250 20
260 250 25
260 250 30
260 250 35
260 250 40
260 250 45
260 250 50
260 250 55
260 250 60
260 250 65
260 250 70
260 250 75
260 250 80
260 250 85
260 250 90
260 250 95
255 250 5
255 250 10
255 250 15
255 250 20
255 250 25
255 250 30
255 250 35
255 250 40
255 250 45
255 250 50
255 250 55
255 250 60
255 250 65
255 250 70
255 250 75
255 250 80
255 250 85
255 250 90
255 250 95
250 250 5
250 250 10
250 250 15
250 250 20
250 250 25
250 250 30
250 250 35
250 250 40
250 250 45
250 250 50
250 250 55
250 250 60
250 250 65
250 250 70
250 250 75
250 250 80
250 250 85
250 250 90
250 250 95
250 350 5
250 350 10
250 350 15
250 350 20
250 350 25
250 350 30
250 350 35
250 350 40
250 350 45
250 350 50
250 350 55
250 350 60
250 350 65
250 350 70
250 350 75
250 350 80
250 350 85
250 350 90
250 350 95
250 345 5
250 345 10
250 345 15
250 345 20
250 345 25
250 345 30
250 345 35
250 345 40
250 345 45
250 345 50
250 345 55
250 345 60
250 345 65
250 345 70
250 345 75
250 345 80
250 345 85
250 345 90
250 345 95
250 340 5
250 340 10
250 340 15
250 340 20
250 340 25
250 340 30
250 340 35
250 340 40
250 340 45
250 340 50
250 340 55
250 340 60
250 340 65
250 340 70
250 340 75
250 340 80
250 340 85
250 340 90
250 340 95
250 335 5
250 335 10
250 335 15
250 335 20
250 335 25
250 335 30
250 335 35
250 335 40
250 335 45
250 335 50
250 335 55
250 335 60
250 335 65
250 335 70
250 335 75
250 335 80
250 335 85
250 335 90
250 335 95
250 330 5
250 330 10
250 330 15
250 330 20
250 330 25
250 330 30
250 330 35
250 330 40
250 330 45
250 330 50
250 330 55
250 330 60
250 330 65
250 330 70
250 330 75
250 330 80
250 330 85
250 330 90
250 330 95
250 325 5
250 325 10
250 325 15
250 325 20
250 325 25
250 325 30
250 325 35
250 325 40
250 325 45
250 325 50
250 325 55
250 325 60
250 325 65
250 325 70
250 325 75
250 325 80
250 325 85
250 325 90
250 325 95
250 320 5
250 320 10
250 320 15
250 320 20
250 320 25
250 320 30
250 320 35
250 320 40
250 320 45
250 320 50
250 320 55
250 320 60
250 320 65
250 320 70
250 320 75
250 320 80
250 320 85
250 320 90
250 320 95
250 315 5
250 315 10
250 315 15
250 315 20
250 315 25
250 315 30
250 315 35
250 315 40
250 315 45
250 315 50
250 315 55
250 315 60
250 315 65
250 315 70
250 315 75
250 315 80
250 315 85
250 315 90
250 315 95
250 310 5
250 310 10
250 310 15
250 310 20
250 310 25
250 310 30
250 310 35
250 310 40
250 310 45
250 310 50
250 310 55
250 310 60
250 310 65
250 310 70
250 310 75
250 310 80
250 310 85
250 310 90
250 310 95
250 305 5
250 305 10
250 305 15
250 305 20
250 305 25
250 305 30
250 305 35
250 305 40
250 305 45
250 305 50
250 305 55
250 305 60
250 305 65
250 305 70
250 305 75
250 305 80
250 305 85
250 305 90
250 305 95
250 300 5
250 300 10
250 300 15
250 300 20
250 300 25
250 300 30
250 300 35
250 300 40
250 300 45
250 300 50
250 300 55
250 300 60
250 300 65
250 300 70
250 300 75
250 300 80
250 300 85
250 300 90
250 300 95
250 295 5
250 295 10
250 295 15
250 295 20
250 295 25
250 295 30
250 295 35
250 295 40
250 295 45
250 295 50
250 295 55
250 295 60
250 295 65
250 295 70
250 295 75
250 295 80
250 295 85
250 295 90
250 295 95
250 290 5
250 290 10
250 290 15
250 290 20
250 290 25
250 290 30
250 290 35
250 290 40
250 290 45
250 290 50
250 290 55
250 290 60
250 290 65
250 290 70
250 290 75
250 290 80
250 290 85
250 290 90
250 290 95
250 285 5
250 285 10
250 285 15
250 285 20
250 285 25
250 285 30
250 285 35
250 285 40
250 285 45
250 285 50
250 285 55
250 285 60
250 285 65
250 285 70
250 285 75
250 285 80
250 285 85
250 285 90
250 285 95
250 280 5
250 280 10
250 280 15
250 280 20
250 280 25
250 280 30
250 280 35
250 280 40
250 280 45
250 280 50
250 280 55
250 280 60
250 280 65
250 280 70
250 280 75
250 280 80
250 280 85
250 280 90
250 280 95
250 275 5
250 275 10
250 275 15
250 275 20
250 275 25
250 275 30
250 275 35
250 275 40
250 275 45
250 275 50
250 275 55
250 275 60
250 275 65
250 275 70
250 275 75
250 275 80
250 275 85
250 275 90
250 275 95
250 270 5
250 270 10
250 270 15
250 270 20
250 270 25
250 270 30
250 270 35
250 270 40
250 270 45
250 270 50
250 270 55
250 270 60
250 270 65
250 270 70
250 270 75
250 270 80
250 270 85
250 270 90
250 270 95
250 265 5
250 265 10
250 265 15
250 265 20
250 265 25
250 265 30
250 265 35
250 265 40
250 265 45
250 265 50
250 265 55
250 265 60
250 265 65
250 265 70
250 265 75
250 265 80
250 265 85
250 265 90
250 265 95
250 260 5
250 260 10
250 260 15
250 260 20
250 260 25
250 260 30
250 260 35
250 260 40
250 260 45
250 260 50
250 260 55
250 260 60
250 260 65
250 260 70
250 260 75
250 260 80
250 260 85
250 260 90
250 260 95
250 255 5
250 255 10
250 255 15
250 255 20
250 255 25
250 255 30
250 255 35
250 255 40
250 255 45
250 255 50
250 255 55
250 255 60
250 255 65
250 255 70
250 255 75
250 255 80
250 255 85
250 255 90
250 255 95
250 250 5
250 250 10
250 250 15
250 250 20
250 250 25
250 250 30
250 250 35
250 250 40
250 250 45
250 250 50
250 250 55
250 250 60
250 250 65
250 250 70
250 250 75
250 250 80
250 250 85
250 250 90
250 250 95
250 350 5
250 350 10
250 350 15
250 350 20
250 350 25
250 350 30
250 350 35
250 350 40
250 350 45
250 350 50
250 350 55
250 350 60
250 350 65
250 350 70
250 350 75
250 350 80
250 350 85
250 350 90
250 350 95
255 350 5
255 350 10
255 350 15
255 350 20
255 350 25
255 350 30
255 350 35
255 350 40
255 350 45
255 350 50
255 350 55
255 350 60
255 350 65
255 350 70
255 350 75
255 350 80
255 350 85
255 350 90
255 350 95
260 350 5
260 350 10
260 350 15
260 350 20
260 350 25
260 350 30
260 350 35
260 350 40
260 350 45
260 350 50
260 350 55
260 350 60
260 350 65
260 350 70
260 350 75
260 350 80
260 350 85
260 350 90
260 350 95
265 350 5
265 350 10
265 350 15
265 350 20
265 350 25
265 350 30
265 350 35
265 350 40
265 350 45
265 350 50
265 350 55
265 350 60
265 350 65
265 350 70
265 350 75
265 350 80
265 350 85
265 350 90
265 350 95
270 350 5
270 350 10
270 350 15
270 350 20
270 350 25
270 350 30
270 350 35
270 350 40
270 350 45
270 350 50
270 350 55
270 350 60
270 350 65
270 350 70
270 350 75
270 350 80
270 350 85
270 350 90
270 350 95
275 350 5
275 350 10
275 350 15
275 350 20
275 350 25
275 350 30
275 350 35
275 350 40
275 350 45
275 350 50
275 350 55
275 350 60
275 350 65
275 350 70
275 350 75
275 350 80
275 350 85
275 350 90
275 350 95
280 350 5
280 350 10
280 350 15
280 350 20
280 350 25
280 350 30
280 350 35
280 350 40
280 350 45
280 350 50
280 350 55
280 350 60
280 350 65
280 350 70
280 350 75
280 350 80
280 350 85
280 350 90
280 350 95
285 350 5
285 350 10
285 350 15
285 350 20
285 350 25
285 350 30
285 350 35
285 350 40
285 350 45
285 350 50
285 350 55
285 350 60
285 350 65
285 350 70
285 350 75
285 350 80
285 350 85
285 350 90
285 350 95
290 350 5
290 350 10
290 350 15
290 350 20
290 350 25
290 350 30
290 350 35
290 350 40
290 350 45
290 350 50
290 350 55
290 350 60
290 350 65
290 350 70
290 350 75
290 350 80
290 350 85
290 350 90
290 350 95
295 350 5
295 350 10
295 350 15
295 350 20
295 350 25
295 350 30
295 350 35
295 350 40
295 350 45
295 350 50
295 350 55
295 350 60
295 350 65
295 350 70
295 350 75
295 350 80
295 350 85
295 350 90
295 350 95
300 350 5
300 350 10
300 350 15
300 350 20
300 350 25
300 350 30
300 350 35
300 350 40
300 350 45
300 350 50
300 350 55
300 350 60
300 350 65
300 350 70
300 350 75
300 350 80
300 350 85
300 350 90
300 350 95
305 350 5
305 350 10
305 350 15
305 350 20
305 350 25
305 350 30
305 350 35
305 350 40
305 350 45
305 350 50
305 350 55
305 350 60
305 350 65
305 350 70
305 350 75
305 350 80
305 350 85
305 350 90
305 350 95
310 350 5
310 350 10
310 350 15
310 350 20
310 350 25
310 350 30
310 350 35
310 350 40
310 350 45
310 350 50
310 350 55
310 350 60
310 350 65
310 350 70
310 350 75
310 350 80
310 350 85
310 350 90
310 350 95
315 350 5
315 350 10
315 350 15
315 350 20
315 350 25
315 350 30
315 350 35
315 350 40
315 350 45
315 350 50
315 350 55
315 350 60
315 350 65
315 350 70
315 350 75
315 350 80
315 350 85
315 350 90
315 350 95
320 350 5
320 350 10
320 350 15
320 350 20
320 350 25
320 350 30
320 350 35
320 350 40
320 350 45
320 350 50
320 350 55
320 350 60
320 350 65
320 350 70
320 350 75
320 350 80
320 350 85
320 350 90
320 350 95
325 350 5
325 350 10
325 350 15
325 350 20
325 350 25
325 350 30
325 350 35
325 350 40
325 350 45
325 350 50
325 350 55
325 350 60
325 350 65
325 350 70
325 350 75
325 350 80
325 350 85
325 350 90
325 350 95
330 350 5
330 350 10
330 350 15
330 350 20
330 350 25
330 350 30
330 350 35
330 350 40
330 350 45
330 350 50
330 350 55
330 350 60
330 350 65
330 350 70
330 350 75
330 350 80
330 350 85
330 350 90
330 350 95
335 350 5
335 350 10
335 350 15
335 350 20
335 350 25
335 350 30
335 350 35
335 350 40
335 350 45
335 350 50
335 350 55
335 350 60
335 350 65
335 350 70
335 350 75
335 350 80
335 350 85
335 350 90
335 350 95
340 350 5
340 350 10
340 350 15
340 350 20
340 350 25
340 350 30
340 350 35
340 350 40
340 350 45
340 350 50
340 350 55
340 350 60
340 350 65
340 350 70
340 350 75
340 350 80
340 350 85
340 350 90
340 350 95
345 350 5
345 350 10
345 350 15
345 350 20
345 350 25
345 350 30
345 350 35
345 350 40
345 350 45
345 350 50
345 350 55
345 350 60
345 350 65
345 350 70
345 350 75
345 350 80
345 350 85
345 350 90
345 350 95
350 350 5
350 350 10
350 350 15
350 350 20
350 350 25
350 350 30
350 350 35
350 350 40
350 350 45
350 350 50
350 350 55
350 350 60
350 350 65
350 350 70
350 350 75
350 350 80
350 350 85
350 350 90
350 350 95
